"Row,Prediction"
"0,25"
"1,13"
"2,22"
"3,2"
"4,18"
"5,17"
"6,11"
"7,22"
"8,13"
"9,20"
"10,6"
"11,9"
"12,11"
"13,14"
"14,4"
"15,5"
"16,6"
"17,3"
"18,2"
"19,13"
"20,4"
"21,0"
"22,9"
"23,17"
"24,9"
"25,4"
"26,22"
"27,20"
"28,23"
"29,24"
"30,1"
"31,23"
"32,6"
"33,15"
"34,12"
"35,24"
"36,6"
"37,19"
"38,9"
"39,17"
"40,16"
"41,20"
"42,16"
"43,15"
"44,12"
"45,13"
"46,7"
"47,24"
"48,24"
"49,0"
"50,7"
"51,3"
"52,21"
"53,20"
"54,15"
"55,14"
"56,23"
"57,9"
"58,4"
"59,14"
"60,13"
"61,2"
"62,11"
"63,0"
"64,0"
"65,0"
"66,18"
"67,20"
"68,24"
"69,21"
"70,24"
"71,0"
"72,21"
"73,8"
"74,21"
"75,18"
"76,15"
"77,4"
"78,2"
"79,19"
"
"
,,,,,0,1,2,3,4,5,6,7,8,9,10,11,12,13,14,15,16,17,18,19,20,21,22,23,24,25
,,,,0,3,0,0,0,0,0,0,0,0,0,0,0,0,1,0,0,0,0,0,0,0,0,0,0,0,0
,,,,1,0,0,0,0,1,0,0,0,0,0,0,0,0,0,0,1,0,0,0,0,0,0,0,0,0,0
,,,,2,0,0,3,0,0,0,1,0,0,0,0,0,0,0,0,0,0,0,0,0,0,0,0,0,0,0
,,,,3,0,1,0,1,0,0,0,0,0,0,0,0,0,0,0,1,0,0,0,0,0,0,0,0,0,0
,,,,4,0,0,0,0,1,0,0,0,0,0,0,0,0,0,0,0,0,0,0,0,0,0,0,0,0,1
,,,,5,0,0,0,0,0,1,0,0,0,0,0,0,0,0,0,0,0,1,0,0,0,0,0,0,0,0
,,,,6,1,0,1,0,0,0,1,0,0,0,0,0,0,0,0,0,0,0,1,0,0,0,0,0,0,0
,,,,7,0,0,0,0,0,0,0,1,0,0,0,0,0,1,0,0,0,0,0,0,0,0,1,0,0,0
,,,,8,0,0,0,1,0,0,0,0,1,0,0,0,0,0,0,0,0,0,0,0,1,0,0,0,0,0
,,,,9,0,0,0,0,0,0,0,0,0,3,0,0,0,0,0,0,0,0,0,1,0,0,0,0,0,0
,,,,10,0,0,0,0,0,0,0,0,0,0,0,0,1,1,0,0,0,0,0,0,0,0,0,0,1,0
,,,,11,0,0,0,0,0,0,0,0,0,0,0,3,0,0,0,0,0,0,0,0,1,0,0,0,0,0
,,,,12,1,0,0,0,0,0,0,0,0,0,0,0,0,0,0,0,0,0,0,0,0,0,0,0,2,0
,,,,13,0,0,0,0,0,0,0,0,0,0,0,0,1,1,0,0,1,0,0,0,0,1,0,0,0,0
,,,,14,0,0,0,0,0,0,0,0,0,0,0,0,0,0,2,0,0,0,0,0,0,0,0,0,1,0
,,,,15,0,0,0,0,1,0,0,0,0,1,0,0,0,0,0,1,0,0,0,0,0,0,0,0,0,0
,,,,16,0,0,0,0,1,0,0,0,0,0,0,0,0,0,0,1,1,0,0,0,0,0,0,0,0,0
,,,,17,0,0,0,0,1,0,1,0,0,0,0,0,0,0,0,0,0,2,0,0,0,0,0,0,0,0
,,,,18,0,0,0,0,0,0,1,0,0,0,0,0,0,0,0,0,0,0,2,0,0,0,0,0,0,0
,,,,19,0,0,0,0,0,0,0,0,0,0,0,0,0,0,1,0,0,0,0,1,0,0,0,0,0,0
,,,,20,0,0,0,0,0,0,0,0,0,0,0,0,0,0,0,0,0,0,0,0,3,0,0,0,0,0
,,,,21,0,0,0,0,0,0,0,0,0,0,0,0,0,0,0,0,0,0,0,0,0,2,1,0,0,0
,,,,22,1,0,0,0,0,0,0,0,0,0,0,0,0,1,0,0,0,0,0,0,0,1,0,0,0,0
,,,,23,0,0,0,0,0,0,0,0,0,0,0,0,0,0,0,0,0,0,0,0,0,0,1,1,0,0
,,,,24,0,0,0,0,0,0,0,0,0,0,0,0,0,0,0,0,0,0,0,0,0,0,0,1,2,0
,,,,25,0,0,0,0,0,0,0,1,0,1,0,0,0,0,0,0,0,0,0,0,0,0,0,1,0,0
"
"
Class,Percision,Recall,F1
0,0.5,0.75,0.6
1,0.0,0.0,0.0
2,0.75,0.75,0.75
3,0.5,0.33,0.4
4,0.2,0.5,0.29
5,1.0,0.5,0.67
6,0.25,0.25,0.25
7,0.5,0.33,0.4
8,1.0,0.33,0.5
9,0.6,0.75,0.67
10,0.0,0.0,0.0
11,1.0,0.75,0.86
12,0.0,0.0,0.0
13,0.2,0.25,0.22
14,0.67,0.67,0.67
15,0.25,0.33,0.29
16,0.5,0.33,0.4
17,0.67,0.5,0.57
18,0.67,0.67,0.67
19,0.5,0.5,0.5
20,0.6,1.0,0.75
21,0.5,0.67,0.57
22,0.0,0.0,0.0
23,0.33,0.5,0.4
24,0.33,0.67,0.44
25,0.0,0.0,0.0
"
"
Accuracy,Micro-Average-F1,Macro-Average-F1
0.45,0.45,0.4175
