"Row,Prediction"
"0,14"
"1,13"
"2,0"
"3,2"
"4,0"
"5,17"
"6,11"
"7,17"
"8,22"
"9,11"
"10,6"
"11,9"
"12,11"
"13,8"
"14,2"
"15,10"
"16,0"
"17,8"
"18,2"
"19,0"
"20,6"
"21,0"
"22,8"
"23,17"
"24,8"
"25,17"
"26,12"
"27,8"
"28,17"
"29,6"
"30,9"
"31,17"
"32,10"
"33,14"
"34,10"
"35,10"
"36,14"
"37,8"
"38,15"
"39,12"
"40,14"
"41,10"
"42,13"
"43,10"
"44,10"
"45,17"
"46,12"
"47,14"
"48,15"
"49,0"
"50,7"
"51,8"
"52,22"
"53,10"
"54,14"
"55,14"
"56,0"
"57,9"
"58,17"
"59,14"
"60,13"
"61,2"
"62,11"
"63,12"
"64,0"
"65,6"
"66,6"
"67,14"
"68,12"
"69,13"
"70,13"
"71,22"
"72,13"
"73,8"
"74,22"
"75,6"
"76,10"
"77,17"
"78,6"
"79,8"
"
"
,,,,,0,1,2,3,4,5,6,7,8,9,10,11,12,13,14,15,16,17,18,19,20,21,22,23,24,25
,,,,0,4,0,0,0,0,0,0,0,0,0,0,0,0,0,0,0,0,0,0,0,0,0,0,0,0,0
,,,,1,0,0,0,0,0,0,0,0,0,0,1,0,0,0,0,0,0,1,0,0,0,0,0,0,0,0
,,,,2,0,0,3,0,0,0,1,0,0,0,0,0,0,0,0,0,0,0,0,0,0,0,0,0,0,0
,,,,3,0,0,0,0,0,0,0,0,1,1,0,0,0,0,1,0,0,0,0,0,0,0,0,0,0,0
,,,,4,0,0,1,0,0,0,0,0,0,0,0,0,0,0,1,0,0,0,0,0,0,0,0,0,0,0
,,,,5,0,0,0,0,0,0,0,0,0,0,1,0,1,0,0,0,0,0,0,0,0,0,0,0,0,0
,,,,6,1,0,0,0,0,0,3,0,0,0,0,0,0,0,0,0,0,0,0,0,0,0,0,0,0,0
,,,,7,1,0,0,0,0,0,0,1,0,0,0,0,0,1,0,0,0,0,0,0,0,0,0,0,0,0
,,,,8,0,0,0,0,0,0,0,0,3,0,0,0,0,0,0,0,0,0,0,0,0,0,0,0,0,0
,,,,9,0,0,0,0,0,0,0,0,2,2,0,0,0,0,0,0,0,0,0,0,0,0,0,0,0,0
,,,,10,0,0,0,0,0,0,0,0,0,0,2,0,0,0,0,0,0,1,0,0,0,0,0,0,0,0
,,,,11,0,0,0,0,0,0,0,0,0,0,1,3,0,0,0,0,0,0,0,0,0,0,0,0,0,0
,,,,12,0,0,0,0,0,0,1,0,0,0,0,0,2,0,0,0,0,0,0,0,0,0,0,0,0,0
,,,,13,0,0,0,0,0,0,0,0,0,0,1,0,0,3,0,0,0,0,0,0,0,0,0,0,0,0
,,,,14,0,0,0,0,0,0,0,0,0,0,0,0,0,0,3,0,0,0,0,0,0,0,0,0,0,0
,,,,15,0,0,0,0,0,0,0,0,0,0,1,0,0,0,0,1,0,1,0,0,0,0,0,0,0,0
,,,,16,0,0,0,0,0,0,1,0,0,0,0,0,0,0,2,0,0,0,0,0,0,0,0,0,0,0
,,,,17,0,0,0,0,0,0,0,0,0,0,1,0,0,0,0,0,0,3,0,0,0,0,0,0,0,0
,,,,18,1,0,0,0,0,0,1,0,0,0,0,0,0,0,1,0,0,0,0,0,0,0,0,0,0,0
,,,,19,0,0,0,0,0,0,0,0,2,0,0,0,0,0,0,0,0,0,0,0,0,0,0,0,0,0
,,,,20,0,0,0,0,0,0,0,0,0,0,1,1,0,0,1,0,0,0,0,0,0,0,0,0,0,0
,,,,21,0,0,0,0,0,0,0,0,0,0,0,0,1,1,0,0,0,0,0,0,0,0,1,0,0,0
,,,,22,0,0,0,0,0,0,0,0,0,0,0,0,0,0,0,0,0,0,0,0,0,0,3,0,0,0
,,,,23,0,0,0,0,0,0,0,0,0,0,0,0,0,0,0,0,0,2,0,0,0,0,0,0,0,0
,,,,24,0,0,0,0,0,0,0,0,0,0,0,0,0,1,0,1,0,1,0,0,0,0,0,0,0,0
,,,,25,1,0,0,0,0,0,0,0,1,0,0,0,1,0,0,0,0,0,0,0,0,0,0,0,0,0
"
"
Class,Percision,Recall,F1
0,0.5,1.0,0.67
1,0.0,0.0,0.0
2,0.75,0.75,0.75
3,0.0,0.0,0.0
4,0.0,0.0,0.0
5,0.0,0.0,0.0
6,0.43,0.75,0.55
7,1.0,0.33,0.5
8,0.33,1.0,0.5
9,0.67,0.5,0.57
10,0.22,0.67,0.33
11,0.75,0.75,0.75
12,0.4,0.67,0.5
13,0.5,0.75,0.6
14,0.33,1.0,0.5
15,0.5,0.33,0.4
16,0.0,0.0,0.0
17,0.33,0.75,0.46
18,0.0,0.0,0.0
19,0.0,0.0,0.0
20,0.0,0.0,0.0
21,0.0,0.0,0.0
22,0.75,1.0,0.86
23,0.0,0.0,0.0
24,0.0,0.0,0.0
25,0.0,0.0,0.0
"
"
Accuracy,Micro-Average-F1,Macro-Average-F1
0.45,0.45,0.3052
