"Row,Prediction"
"0,2"
"1,13"
"2,0"
"3,2"
"4,8"
"5,17"
"6,11"
"7,24"
"8,22"
"9,11"
"10,2"
"11,9"
"12,2"
"13,8"
"14,11"
"15,10"
"16,10"
"17,8"
"18,2"
"19,12"
"20,6"
"21,0"
"22,25"
"23,17"
"24,8"
"25,17"
"26,22"
"27,8"
"28,17"
"29,12"
"30,14"
"31,0"
"32,10"
"33,16"
"34,10"
"35,10"
"36,2"
"37,8"
"38,8"
"39,12"
"40,16"
"41,10"
"42,13"
"43,11"
"44,10"
"45,10"
"46,0"
"47,14"
"48,24"
"49,0"
"50,7"
"51,8"
"52,22"
"53,10"
"54,14"
"55,2"
"56,0"
"57,9"
"58,17"
"59,14"
"60,12"
"61,2"
"62,11"
"63,12"
"64,0"
"65,6"
"66,6"
"67,14"
"68,12"
"69,12"
"70,13"
"71,22"
"72,12"
"73,8"
"74,22"
"75,9"
"76,10"
"77,17"
"78,6"
"79,8"
"
"
,,,,,0,1,2,3,4,5,6,7,8,9,10,11,12,13,14,15,16,17,18,19,20,21,22,23,24,25
,,,,0,3,0,0,0,0,0,0,0,0,0,0,0,1,0,0,0,0,0,0,0,0,0,0,0,0,0
,,,,1,0,0,0,0,0,0,0,0,0,0,0,1,0,0,0,0,0,1,0,0,0,0,0,0,0,0
,,,,2,0,0,4,0,0,0,0,0,0,0,0,0,0,0,0,0,0,0,0,0,0,0,0,0,0,0
,,,,3,0,0,0,0,0,0,0,0,1,0,0,0,0,0,2,0,0,0,0,0,0,0,0,0,0,0
,,,,4,0,0,1,0,0,0,0,0,0,0,0,1,0,0,0,0,0,0,0,0,0,0,0,0,0,0
,,,,5,0,0,0,0,0,0,0,0,0,0,1,0,1,0,0,0,0,0,0,0,0,0,0,0,0,0
,,,,6,0,0,0,0,0,0,3,0,0,0,1,0,0,0,0,0,0,0,0,0,0,0,0,0,0,0
,,,,7,1,0,0,0,0,0,0,1,0,0,0,0,1,0,0,0,0,0,0,0,0,0,0,0,0,0
,,,,8,0,0,0,0,0,0,0,0,3,0,0,0,0,0,0,0,0,0,0,0,0,0,0,0,0,0
,,,,9,0,0,0,0,0,0,0,0,2,2,0,0,0,0,0,0,0,0,0,0,0,0,0,0,0,0
,,,,10,0,0,0,0,0,0,0,0,0,0,3,0,0,0,0,0,0,0,0,0,0,0,0,0,0,0
,,,,11,0,0,1,0,0,0,0,0,0,0,1,2,0,0,0,0,0,0,0,0,0,0,0,0,0,0
,,,,12,0,0,0,0,0,0,0,0,0,0,0,0,3,0,0,0,0,0,0,0,0,0,0,0,0,0
,,,,13,0,0,0,0,0,0,0,0,0,0,1,0,1,2,0,0,0,0,0,0,0,0,0,0,0,0
,,,,14,0,0,1,0,0,0,0,0,0,0,0,0,0,0,2,0,0,0,0,0,0,0,0,0,0,0
,,,,15,0,0,0,0,0,0,0,0,1,0,1,0,0,0,0,0,0,1,0,0,0,0,0,0,0,0
,,,,16,0,0,0,0,0,0,1,0,0,0,0,0,0,0,0,0,2,0,0,0,0,0,0,0,0,0
,,,,17,0,0,0,0,0,0,0,0,0,0,1,0,0,0,0,0,0,3,0,0,0,0,0,0,0,0
,,,,18,0,0,1,0,0,0,0,0,1,1,0,0,0,0,0,0,0,0,0,0,0,0,0,0,0,0
,,,,19,0,0,0,0,0,0,0,0,2,0,0,0,0,0,0,0,0,0,0,0,0,0,0,0,0,0
,,,,20,0,0,0,0,0,0,0,0,0,0,1,1,0,0,1,0,0,0,0,0,0,0,0,0,0,0
,,,,21,0,0,0,0,0,0,0,0,0,0,0,0,1,0,0,0,0,0,0,0,0,0,2,0,0,0
,,,,22,0,0,0,0,0,0,0,0,0,0,0,0,0,0,0,0,0,0,0,0,0,0,3,0,0,0
,,,,23,1,0,0,0,0,0,0,0,0,0,0,0,0,0,0,0,0,0,0,0,0,0,0,0,1,0
,,,,24,0,0,0,0,0,0,0,0,0,0,0,0,0,1,0,0,0,1,0,0,0,0,0,0,1,0
,,,,25,2,0,0,0,0,0,0,0,0,0,0,0,0,0,0,0,0,0,0,0,0,0,0,0,0,1
"
"
Class,Percision,Recall,F1
0,0.43,0.75,0.55
1,0.0,0.0,0.0
2,0.5,1.0,0.67
3,0.0,0.0,0.0
4,0.0,0.0,0.0
5,0.0,0.0,0.0
6,0.75,0.75,0.75
7,1.0,0.33,0.5
8,0.3,1.0,0.46
9,0.67,0.5,0.57
10,0.3,1.0,0.46
11,0.4,0.5,0.44
12,0.38,1.0,0.55
13,0.67,0.5,0.57
14,0.4,0.67,0.5
15,0.0,0.0,0.0
16,1.0,0.67,0.8
17,0.5,0.75,0.6
18,0.0,0.0,0.0
19,0.0,0.0,0.0
20,0.0,0.0,0.0
21,0.0,0.0,0.0
22,0.6,1.0,0.75
23,0.0,0.0,0.0
24,0.5,0.33,0.4
25,1.0,0.33,0.5
"
"
Accuracy,Micro-Average-F1,Macro-Average-F1
0.475,0.475,0.3488
